9.934283060224653739e-02
1.060132392058236173e+00
1.080594223915292140e+00
7.556624875767588012e-01
5.409545773478059427e-01
4.531726086101640072e-01
-2.719426891909945132e-01
-1.297569570464571775e+00
-1.044951393482144386e+00
2.072675642471957791e-02
-9.268353856249239575e-02
-5.360698421578463657e-03
9.994489706083600211e-01
1.068400467363594064e+00
2.428016857898672165e-01
-6.124575058481941392e-01
-7.903514763593579850e-01
-3.882070497760986560e-01
-1.132661331399395399e+00
-1.370245992559531611e+00
2.931297537843097212e-01
1.042629992195165611e+00
9.645621572327406357e-01
1.661068790524624084e-01
4.789087073874362943e-01
5.221845179419738470e-01
-8.179839677769341622e-01
-1.375916912626019117e+00
-1.071184254278915615e+00
-1.461240022511290371e-01
-1.203413224458774328e-01
4.582408891942600371e-01
9.483570713475655278e-01
1.239514330503973749e+00
7.522942347131108543e-01
-7.441687299942036926e-01
-5.460125332915224394e-01
-8.429905410711084901e-01
-1.216693726074837167e+00
-1.048413005118649100e+00
1.476933159990798938e-01
1.122058908530466637e+00
9.279268598175047789e-01
3.908357771772961176e-01
2.920808542189836654e-01
3.560311583210593600e-01
-6.799130064844265409e-01
-1.239632071051369966e+00
-8.823328583814631365e-01
-4.403932833650209266e-01
6.481679387895752931e-02
1.076879620920594138e-02
8.156721162339634068e-01
1.573391774063326309e+00
7.939851567916679231e-01
-3.137439761767554236e-01
-7.556287569370013779e-01
-5.128989914653970805e-01
-8.848038300144411838e-01
-8.926762268680052959e-01
-9.583484756906485158e-02
1.050653456959711241e+00
7.297895214939511543e-01
2.118151914790210311e-01
7.502904167713120298e-01
7.712480057141626322e-01
-6.021872766085383244e-01
-1.250349936716746990e+00
-8.787293112856258137e-01
-2.168092032134964486e-01
7.227912110168499549e-02
3.953925655856626586e-01
9.438913084731604952e-01
1.763985247457954264e+00
6.383623147452610613e-02
-3.356194991249498161e-01
-5.703758386448432027e-01
-5.108579863883276895e-01
-9.327043609880495412e-01
-1.485299035212656271e+00
-4.393437756750679518e-02
1.159207766594823719e+00
1.246635325243464099e+00
3.474024726404258412e-01
4.260865317138382569e-01
3.996485912830912701e-01
-4.047048287520521592e-01
-1.385306294363215063e+00
-1.057008557048571662e+00
1.486823433019919538e-02
1.941550986960685274e-02
2.815142503990463174e-01
8.106458975196760841e-01
1.385524086975599589e+00
5.093636216660410998e-01
-7.927029896264178310e-01
-5.285611968795589366e-01
-3.988454618591761314e-01
-9.500338249666537838e-01
-1.134702678967507428e+00
-2.830741484100848249e-01
1.003656187739402128e+00
8.825136129898016879e-01
2.906010624508316154e-01
5.555281099592771499e-01
5.808101713629066909e-01
-2.105480720503692948e-01
-1.416140953728783902e+00
-8.995464381506085294e-01
-1.026744354457058972e-01
-3.837542430598200882e-01
8.248247720262465166e-02
9.631025582833545595e-01
1.943704938792210513e+00
5.493130593362539615e-01
-4.396905315332710895e-01
-5.947276062335195013e-01
-6.847921238190601834e-01
-7.224919533921471126e-01
-9.373986457551234386e-01
1.582063894085956879e-01
9.059077613335257961e-01
1.231615378482376677e+00
1.706863037366994629e-01
7.051566710525223325e-01
9.380911251619952207e-01
-7.858925173186039892e-01
-1.564316062215705738e+00
-9.311262432776301612e-01
-1.884803831157126353e-01
-3.101326862132133266e-01
1.014978472536731680e-01
7.385957735499311116e-01
1.545775002422189903e+00
4.039004054457268067e-01
-1.900131189964850975e-01
-7.444359107597150471e-01
-5.154688195362887582e-01
-7.883530728212160277e-01
-1.333958115579269688e+00
4.549198692081461715e-02
1.349213803148959112e+00
6.295598693829037584e-01
4.879832880016166108e-01
6.397618111421562448e-01
6.563645743554620271e-01
-8.351753944680826436e-01
-1.715147838912006728e+00
-8.466682031717760459e-01
-2.838831764583603368e-02
5.009857006917092098e-02
1.570748941918624353e-01
8.150515719794424463e-01
1.497507255727354325e+00
6.463997469522095862e-01
-6.428702836052662128e-01
-2.146303500635270423e-01
-3.562899321127960262e-01
-1.189317215735687050e+00
-9.564745305657131880e-01
-1.949363340454731142e-01
1.245202173040963256e+00
1.182775632096645602e+00
2.869200526248137928e-01
7.804604781413251313e-01
5.825561853873001406e-01
-4.233732202935733824e-01
-1.071697919764361684e+00
-1.000134139495727048e+00
-2.385324851639715193e-01
-1.779028859250982864e-01
-7.537680470062074756e-02
9.356361744123227187e-01
1.519286911258482364e+00
6.431234121585003294e-01
-3.345633501927873787e-01
-5.851848739169079883e-01
-1.603497008636899368e-01
-1.003987882942747323e+00
-5.437514189745558113e-01
1.251334695529948970e-01
9.163537410092159607e-01
7.368780166829348444e-01
5.475509993437931433e-01
5.430926952272938646e-01
6.428000988184193742e-01
-4.931377273777480807e-01
-1.465622298826525505e+00
-1.120415259908831063e+00
-3.907546972296469523e-01
-8.930299041341549504e-02
2.590650111571609626e-01
9.938752651211869571e-01
1.201908760552756528e+00
6.224214374627188295e-01
-4.229365240542243276e-01
-7.645567395327125260e-01
-4.203114951060475946e-01
-9.394147726059636216e-01
-1.316379311858604684e+00
7.155747206965275276e-02
1.199942157566118883e+00
1.167666764930213930e+00
6.618169267021367652e-01
3.122513787010606778e-01
3.124349920169910977e-01
-4.847781988507161022e-01
-1.348299326112709196e+00
-8.480469790339377756e-01
6.827610458384697489e-01
1.141781021386329142e-01
3.148983803285974048e-01
1.141856868993794016e+00
1.581334766556318217e+00
5.247314033644223663e-01
-3.482061559013377439e-01
-7.423502951999969568e-01
-4.984202376431547399e-01
-1.048129225860954694e+00
-1.071410424415204510e+00
4.629317133346860791e-01
7.143322137741103806e-01
1.088308554370053916e+00
1.285133420572259211e-01
4.933988791345839675e-01
7.177901193934752566e-01
-5.749292484733696806e-01
-1.666605471881016376e+00
-1.094117258147162097e+00
4.813429749444894656e-02
-1.460733263434454698e-01
1.310769702088606659e-01
9.601708842759145712e-01
1.320736446773990824e+00
1.016574070157542753e+00
-3.732161955364026173e-01
-9.928137696239891508e-01
-4.137656533412630289e-01
-1.083413809248818804e+00
-9.172985853332358275e-01
-1.585041476865675925e-01
1.064837963999091253e+00
1.052053972091243850e+00
6.242075551291763613e-01
3.477259708813073003e-01
4.330997528318270007e-01
-6.827743145246444323e-01
-1.581722362809892868e+00
-5.979656682389506983e-01
-6.788910100284026305e-03
-2.521767908669879654e-01
2.713576417034320176e-01
1.375487755697677006e+00
1.657549568405388030e+00
2.839112591016836329e-01
-5.968468145732404029e-01
-3.344030224551513553e-01
-5.925904094189089477e-01
-8.622926306658944551e-01
-9.328584416066024732e-01
-1.853860943156273589e-01
1.075880181080099307e+00
3.028030482813304225e-01
2.461789880282986565e-01
5.372716220138452625e-01
2.504433636070330094e-01
-2.613029915061401698e-01
-1.737084791887281598e+00
-1.039065413634568502e+00
-6.163713683526885617e-02
2.882546578132265669e-01
-1.993871779434229774e-01
1.183689266726149381e+00
1.453103128499071861e+00
3.914835220828821738e-01
-4.075793051473497464e-01
-5.479733131777899668e-01
-5.710998917269071162e-01
-9.370960992971437697e-01
-1.164847971664833448e+00
2.270346905022706252e-02
1.220211387196679764e+00
1.268259879524245237e+00
2.034934165297825892e-01
1.014391927223745604e+00
1.095824400955172639e-01
-6.181422712995748858e-01
-1.333393074998235006e+00
-8.948581427481580031e-01
-2.123251562565948158e-01
-4.162445007144086051e-02
-1.081493463929060483e-02
8.331835649062937499e-01
1.620976935699363963e+00
6.591883494854906544e-01
-6.385819190521200284e-01
-4.078652772058191101e-01
-3.895966121198305432e-01
-7.884840925273542966e-01
-9.618594839077480030e-01
-1.657990021844488182e-01
9.757490442530645236e-01
1.100515237319819484e+00
5.731305693818499192e-01
5.836049334996259441e-01
5.234654766617602428e-01
-3.322522731347873903e-01
-1.569370794062320495e+00
-8.416370400611499214e-01
-1.282237827792667151e-01
-4.353624064544750483e-02
3.075406226899021211e-01
1.116139786092740449e+00
1.613758443495282746e+00
8.488810137233615549e-01
-4.957992316734511906e-01
-4.513946580334615710e-01
-5.131098676138390324e-01
-8.862232457974653643e-01
-1.113813863166019047e+00
1.939919299852600407e-02
1.206816657379852442e+00
7.874123796484739923e-01
8.695339714322447566e-01
3.865817759925070929e-01
2.571622774424722202e-01
-3.561630775924213843e-01
-1.292723977502562960e+00
-8.262325528847563882e-01
3.788384956037918472e-02
-2.449354569347153565e-03
-9.166562200469108301e-02
9.662174279339065253e-01
1.315624173992737012e+00
7.828091989760264102e-01
-5.294114763004159618e-01
-7.528846916509649434e-01
-5.153336846257507986e-01
-8.684702254400276100e-01
-1.200530162853266081e+00
-1.644440791132872615e-01
1.136522694590840210e+00
1.000049830516905436e+00
3.496678812209313425e-01
4.935775911687976802e-01
5.464099874715321326e-01
-8.774021205919138033e-01
-1.732549271170465088e+00
-1.094745360545676283e+00
-1.304746826348581190e-01
6.218151311961905153e-02
3.828564956823736765e-01
1.122588440935515575e+00
1.419068810302469785e+00
5.839820107119244597e-01
-7.005058729275637219e-01
-5.914878794909487203e-01
-5.087882440791751115e-01
-8.865128042275420839e-01
-1.253231441002947699e+00
1.038693028482217257e-01
1.394333034892984546e+00
9.293044866037907248e-01
5.313988607149412458e-01
7.258140506346996146e-01
4.197559056228523655e-01
-5.429667559303567037e-01
-1.448538036138790730e+00
-9.315212965854153815e-01
-2.423872090635708909e-01
4.902034851817450335e-03
1.873849105415643646e-01
1.241285237854127255e+00
1.642910681512200988e+00
1.018421743794782230e+00
-6.534695125775972224e-01
-4.133211249483202954e-01
-4.143881151474815283e-01
-5.130959296516242052e-01
-1.249444909363502276e+00
-1.679443684361797140e-01
9.679067232036524526e-01
5.262773714331934194e-01
3.459055119590053184e-01
4.359587199817293035e-01
5.300787572952474491e-01
-5.194340571370222870e-01
-1.075822348451976884e+00
-7.609717486579645751e-01
-2.031659834249700813e-01
-1.796829342696603382e-01
1.861690865937636330e-01
6.870098748909889697e-01
1.817348269466026123e+00
8.236732764367713511e-01
-5.938351304209419368e-01
-9.304121581106166161e-01
-1.802820414620646683e-01
-9.739644853456896900e-01
-8.402219898977916213e-01
-3.188855317588812910e-01
9.679102477017134110e-01
9.521052562387928297e-01
4.604526350481017438e-01
4.977721579966121745e-01
6.245699864695203329e-01
-8.013093381689639916e-01
-1.479532413299408100e+00
-9.269973899528053396e-01
1.510251451927145661e-02
1.423229756177715466e-01
-1.371431660751002424e-01
6.442336821479912601e-01
1.706591880674853012e+00
6.542480546884411607e-01
-6.496973073113253561e-01
-2.775548571879446480e-01
-4.279215894365710482e-01
-7.151970794823995226e-01
-1.074281556010473926e+00
4.121495849764062469e-01
1.438853420781097014e+00
9.012636865993427504e-01
6.453707064860290110e-01
7.168604422094820849e-01
7.737263115064766383e-01
-7.807699444084571505e-01
-1.313846224295465825e+00
-7.393716189252602655e-01
-4.395331495770901098e-01
-2.366517025331506263e-01
-3.200611832595354755e-01
8.971751494062113474e-01
1.594564967454356941e+00
8.882566627117145508e-01
-4.851810439160165189e-01
-2.620621431782558242e-01
-7.270768079381253468e-01
-1.291733004166194521e+00
-1.098894792071808402e+00
7.681308978783010777e-02
1.081246302673648518e+00
5.375680962871658419e-01
4.332325083925959719e-01
3.268913521915199349e-01
6.339345097660008532e-01
-5.144656030730805352e-01
-1.639032473560628977e+00
-1.053829899762509514e+00
-2.996279566702924058e-01
-1.253581945461918618e-02
2.788137163926974749e-01
7.539113070280212270e-01
1.551865819398729140e+00
4.817337286180066180e-01
-6.585745664524541576e-01
-6.091913242834340325e-01
-6.581049807790260164e-01
-1.061786377364559497e+00
-1.327360830810243364e+00
3.929450265832631906e-01
1.094837962686823873e+00
8.111114146966253990e-01
4.938524984419938035e-01
5.653196423543164206e-01
4.558060800933917966e-01
-4.649519122837791896e-01
-1.299554974285683562e+00
-1.057156745817269039e+00
-2.029489004214270198e-01
-5.501033943030283341e-02
-3.725989806546560756e-01
6.480183038554092612e-01
1.724431369784060974e+00
9.167787949927834745e-01
-5.498072079112746868e-01
-4.724738596813311542e-01
-3.888064853864481862e-01
-3.352803546040741267e-01
-8.638702700055471695e-01
-2.558351829620818252e-02
8.966771641723584318e-01
6.297672522436292830e-01
4.917492434686073777e-01
4.365151032356135996e-01
2.155492580804876934e-01
-7.170998291409835801e-01
-1.667366117018027838e+00
-6.136281892806434435e-01
8.854269909741019351e-02
-1.594528263343567443e-03
3.837740800704773081e-01
9.665301778246504494e-01
1.278799676029499066e+00
8.924100677464441578e-01
-3.922179912630810450e-01
-7.952344831577840001e-01
-4.891242519118637055e-01
-1.126180166972071905e+00
-1.364345198485364730e+00
1.852355095062900581e-01
1.469668580386480849e+00
6.713430015313166521e-01
5.636503636332726996e-01
4.576567384681465844e-01
4.025749232470695049e-01
-7.062640371402201245e-01
-1.623854670231116071e+00
-9.413521907062013527e-01
-2.539752755746763624e-01
5.409136515595845685e-02
7.773763040265574409e-02
9.032669069218520752e-01
1.269543783886845523e+00
4.724309861788321130e-01
-3.489217548348184095e-01
-4.876018147676247638e-01
-6.465675652548565910e-01
-9.311900552092737815e-01
-9.375078276181284531e-01
-3.338810562242959246e-01
1.196457290768452753e+00
8.185317645060162794e-01
5.651762500137860190e-01
4.351334209840004297e-01
1.390235798670912959e-01
-9.132937398690929021e-01
-1.441439526962880802e+00
-8.991120159508632081e-01
-2.686485773133855393e-01
1.277184917554762544e-01
-2.445187601613437178e-01
9.378405565656778853e-01
1.208853276342669369e+00
4.574180307320527272e-01
-4.905202657367005448e-01
-7.598679253492535146e-01
-5.279676251411157262e-01
-7.497979544522471729e-01
-1.203163626197104819e+00
1.671384224129666418e-01
8.618438813609532456e-01
1.057017351878243527e+00
7.393702404267300521e-01
9.345635226703780107e-02
3.406209489059428552e-01
-4.723708268563663326e-01
-1.491665593503742393e+00
-8.768273416208904880e-01
-2.085822896356567813e-01
1.731795749459223363e-02
5.664980521404347491e-02
1.184612928627109874e+00
1.501940684955399341e+00
6.553057847075569597e-01
-5.823753932244905007e-01
-6.853064971069698919e-01
-5.375681538590790787e-01
-8.721660878194745781e-01
-1.171982148456516715e+00
5.795497137923749653e-02
1.502865412021529457e+00
1.125281456981526818e+00
3.858518098615950631e-01
8.280280367252196294e-01
4.183849253957142578e-01
-9.954101593280593185e-01
-1.652673778478629174e+00
-1.325214900500333970e+00
-1.580879491007433080e-01
3.683675837876526811e-03
4.230727147475270566e-01
1.016441991047970506e+00
1.407236410533379445e+00
7.536663685292003256e-01
-9.422270618015877730e-01
-5.406623406707661283e-01
-2.968834775177481289e-01
-1.246773765451101079e+00
-8.590344436511132553e-01
6.769928149885441615e-02
1.004727669512292643e+00
1.077612889516446515e+00
9.051950878560383051e-01
6.241585033041215924e-01
5.496441172600780023e-01
-6.796574322004484969e-01
-1.621025390188110649e+00
-7.849893529863063435e-01
-2.590020174742438952e-01
1.431324744385546223e-02
-7.746237060541769082e-03
1.046852481444423555e+00
1.517788937352555267e+00
7.952932411440682969e-01
-6.020032797709170547e-01
-6.417602393511616654e-01
-6.468092594516072769e-01
-1.039915168310353799e+00
-1.012325153683517609e+00
1.513977233290018098e-01
9.033521874569389043e-01
1.124977700316305285e+00
7.221840880561449794e-01
6.704722329372003742e-01
8.753591625116102781e-01
-7.425430921131284112e-01
-1.699987456957440246e+00
-1.306800566076061099e+00
2.114236100053312750e-01
1.308731312707993033e-01
7.666831811035569599e-02
1.007050241559116266e+00
1.225958706835486245e+00
1.076935648215839647e+00
-4.741557636049358870e-01
-5.659062933715170995e-01
-3.059031915154115100e-01
-8.548546699478051236e-01
-1.043008447436650554e+00
-1.580948910891143144e-01
1.182078923719674268e+00
1.327461415590181382e+00
7.201405255261461580e-01
9.064225776203316265e-01
3.977568647138031155e-01
-7.857062163441439484e-01
-1.476213900315073158e+00
-9.399115338374591788e-01
1.310530514016954862e-01
-3.384929259429653725e-01
3.936953161845804794e-01
9.194549365793440732e-01
1.365680302305673166e+00
3.853643772404727885e-01
-8.309713343731490731e-01
-4.231511355000748820e-01
-4.363929228574734420e-01
-1.209048696243357313e+00
-1.346801006705188986e+00
-6.715693985806091282e-02
1.421589557350318778e+00
8.991382460224548456e-01
1.504279256715427282e-01
5.386366394752550857e-01
4.454552860504923939e-01
-1.127162580880756160e+00
-1.461915489598709872e+00
-9.972434223369264217e-01
5.145602067020055292e-02
3.697912189890784074e-01
3.130982582020203076e-01
8.972787781841261578e-01
1.229751334546818953e+00
1.102457212942464349e+00
-4.881563131971111136e-01
-5.849993939099336071e-01
-4.558815337171415183e-01
-9.114395641415740101e-01
-1.116657334677289004e+00
-1.147324013761227141e-01
9.784134640443729047e-01
9.445058622519776348e-01
3.423715620684066319e-01
4.452160957571058564e-01
5.212860455383920844e-01
-6.387806957765809202e-01
-1.150257918578614147e+00
-1.481250477973746760e+00
1.305161180920203501e-01
2.492170384995459065e-01
-3.268927941891500155e-01
8.825189974790866865e-01
1.376768343096008040e+00
3.062829133489708422e-01
-6.555633375181407763e-01
-8.099004213856398904e-01
-1.006024276104206527e-01
-7.639208376655947097e-01
-8.334742332936575515e-01
1.443344128086450351e-01
8.619748980490167245e-01
8.461524630392630586e-01
5.489314285407390637e-01
3.433596905140846034e-01
6.425996860344765915e-01
-6.358503319241077811e-01
-1.526020677805075554e+00
-8.088645226544957101e-01
1.067410004701105364e-03
-7.219323316384196332e-02
3.196512129652946399e-01
7.348438507751271498e-01
1.574243637684014763e+00
7.064055038861408731e-01
-5.619092878627774956e-01
-5.225586478440695792e-01
-7.012792315722100600e-01
-7.662511124537798590e-01
-1.124765679581076094e+00
-1.045446041039068824e-01
1.297587097459851346e+00
8.101877781866104744e-01
1.693642570224392352e-01
2.764594175876279869e-01
6.212019902691701123e-01
-8.438711227916946278e-01
-1.100097679898269787e+00
-1.367442397871874382e+00
2.515060213655118670e-01
4.220349344056533586e-02
6.844262991837767041e-02
8.420726989333808810e-01
1.530883739165572077e+00
5.802583118075833601e-01
-2.793396235966887908e-01
-5.649397225600365502e-01
-4.209961640027781171e-01
-1.023778958737873168e+00
-1.099174377036680639e+00
6.156035377838637440e-02
7.457515737611135620e-01
6.814194318740778300e-01
5.997093350997075856e-01
6.219583399180457217e-01
4.632033327294926006e-01
-5.840984656794302454e-01
-1.381540175222812694e+00
-1.059008452357069530e+00
-2.434461973729472317e-01
3.916905101947505685e-02
-1.078893032305391630e-01
1.032707067437997894e+00
1.110539795447585520e+00
7.936163797576109014e-01
-4.054805035173982830e-01
-5.365793054297343101e-01
-2.545183195060375381e-01
-6.179616274026420442e-01
-8.849112392888761613e-01
-3.681748462663947397e-01
8.318698589453095149e-01
8.260928007560290887e-01
4.562747263373270745e-01
6.913170563862169882e-01
3.548512373693215594e-01
-5.504318993970043206e-01
-1.602133102765815664e+00
-1.073360076893522752e+00
-3.691174716621180574e-01
-1.846466492221745248e-01
-1.825516688307883828e-01
7.558818656997009500e-01
1.661784875616734825e+00
3.979054745261363379e-01
2.647641296751440665e-02
-4.891216721162829906e-01
-4.140892915561697474e-01
-1.122728072331341975e+00
-9.477232764106928720e-01
-1.151275652476037858e-01
1.112187215221533299e+00
1.463073423948964447e+00
4.318445363502261269e-01
8.176399175496221750e-01
3.593647149748234737e-01
-5.947829503917695382e-01
-1.096896389168053432e+00
-1.076449927852736410e+00
2.747044593068773133e-01
1.415503870910554129e-01
-2.470810288641003827e-02
1.077538064106221993e+00
1.645567406220508566e+00
7.121472447358933033e-01
-8.140449439780688135e-01
-7.332126874574994568e-01
-5.005602434054496896e-01
-9.659432021151816983e-01
-9.636508327823444242e-01
3.554020018656159352e-02
8.207163805504518184e-01
1.027096086496342542e+00
5.731736653519163838e-01
6.997433418786300763e-01
7.161561451109684784e-01
-4.210008213826672563e-01
-1.359220500449454860e+00
-9.650896585869619404e-01
-4.199774389956955623e-01
8.592364382654511801e-02
1.293227897250768255e-01
1.005372283734238925e+00
1.195706801131096508e+00
3.715739442108904056e-01
-2.893694293334104772e-01
-5.956962830637622108e-01
-3.147563768206280699e-01
-9.453928410690224382e-01
-1.081834024393320215e+00
1.876567611951839021e-01
9.845763066489623405e-01
9.702806716834045941e-01
3.586014585541566491e-01
5.008860068060075887e-01
4.381655753063025127e-01
-5.433584979656628233e-01
-1.546806240627841778e+00
-6.999052911804644062e-01
-2.667067127363870194e-01
-3.737432883223310021e-02
-1.609593623692895381e-04
1.240452093165861136e+00
1.490367471597469073e+00
7.941541601861988875e-01
-7.971120746073424579e-01
-5.343751991185984318e-01
-2.731303571704698507e-01
-9.345997184400849367e-01
-8.746891772794335163e-01
-1.034576900201871208e-01
1.369654740329610210e+00
1.410836141019002676e+00
3.784888042072290237e-01
4.986847480122973408e-01
7.906768954236136349e-01
-2.718708231463336511e-01
-1.555628521725804125e+00
-1.035093879714407139e+00
-1.441421740646226801e-01
-2.688901022068059254e-01
-9.594513700436285708e-02
7.502283629447651370e-01
1.297497003274341587e+00
5.808482748152045128e-01
-4.531570534927146232e-01
-2.776851537296320949e-01
-6.507273244429021553e-01
-7.541920365998124876e-01
-1.130583021137548494e+00
-9.892741930468929371e-03
1.222749150725780165e+00
7.265121119827333551e-01
5.275384655319843574e-01
6.210756939350655648e-01
5.984902528016327050e-01
-5.299515235108238631e-01
-9.599964883129583626e-01
-1.078604513145417387e+00
-1.939846432928275521e-01
-1.246281052848926124e-01
-2.331017153960900090e-02
8.235790908338078697e-01
1.688859822516656006e+00
8.718861018904149329e-01
-6.141492587498708078e-01
-7.542563669133122151e-01
-3.567734050178498206e-01
-1.061501125151361524e+00
-9.611988887413793758e-01
4.058460417018057431e-02
7.846364292929781659e-01
1.260557556561167303e+00
8.102320509142567628e-01
4.652275141955581894e-01
4.224596880128492771e-01
-5.306121741474312259e-01
-1.384165158297753884e+00
-8.193476617606552104e-01
3.142556554607709440e-01
-3.538944549885251339e-02
-7.187419661519175995e-02
6.751926706921739241e-01
1.304870508306775090e+00
5.811598577177732317e-01
-1.410884272963748298e-01
-6.913075120996980960e-01
-4.062989259673727149e-01
-9.543410955096770509e-01
-8.501065976028996385e-01
5.053864851746616704e-01
9.816114977084173798e-01
8.531686277915511152e-01
6.598886917089801241e-01
7.241635502177923289e-01
8.693414651471822463e-01
-4.709996152272227232e-01
-1.522914934452557656e+00
-8.329255501567131015e-01
1.339554638240476880e-01
1.640964362395546938e-01
1.892400585139237257e-01
1.164391454212956534e+00
1.684915634384306804e+00
8.642170505000350555e-01
-3.702580224820744559e-01
-6.212088683558536495e-01
-4.217137790084745097e-01
-7.097547229935283752e-01
-1.251172386489906696e+00
7.373466177453419368e-02
1.009117489826974579e+00
9.568054808820860568e-01
7.067468888166037466e-01
6.260050658963997039e-01
5.092873096312484638e-01
-8.597564804884242351e-01
-1.301805803089688185e+00
-8.219596800669919379e-01
3.448656923686152509e-01
-6.155564699062118783e-02
1.316153178252169320e-01
1.000933253037244786e+00
1.766547172247845410e+00
5.687261458151141591e-01
-4.441956948458919419e-01
-4.662059503491940426e-01
-4.137346916638892091e-01
-1.040343239205229864e+00
-1.048967253712832726e+00
2.147263499719250235e-01
8.824821924101995396e-01
9.776504511245733831e-01
3.110323533073226510e-01
8.267945780774821340e-01
1.953626190433067622e-01
-6.995696217467612943e-01
-1.375614141282250014e+00
-6.379517104482925749e-01
-1.009353045071092192e-01
-1.110399053386499635e-01
4.640166661806042203e-01
6.614537362118912966e-01
1.011295324971147380e+00
6.757881423032600088e-01
-6.004108448705526291e-01
-7.920318157186417851e-01
-3.093852268352768609e-01
-9.022963735408436881e-01
-1.200600978439874789e+00
-2.560608797341916154e-01
1.262276717948497939e+00
1.081096751886857277e+00
4.312213435392940331e-01
9.571126515020279557e-01
2.859830467347606597e-01
-8.928902864774161952e-01
-1.589438130271389582e+00
-9.601737195663273550e-01
-3.911736242791622603e-02
-4.824721157126549143e-02
1.581963315953107407e-01
7.007486314569839614e-01
1.739809437109829160e+00
5.713550166139627073e-01
-2.765408336823617086e-01
-5.192401830169773858e-01
-3.597058724643774075e-01
-8.371030602486806416e-01
-9.982435402890090792e-01
1.285445519733990349e-01
1.353615758318920115e+00
9.903607502354596637e-01
5.928572678128511964e-01
5.698381134350519739e-01
7.880234430899288878e-01
-7.230637127042337520e-01
-1.090868429712999577e+00
-9.590881064240148746e-01
-3.739402727160990869e-01
2.562088298216912488e-02
-4.842507920255964549e-02
1.119185226092899388e+00
1.320531720434677148e+00
4.985485656496094764e-01
-8.779081461890503313e-01
-6.782465161423307798e-01
-9.358323816209475066e-01
-1.267837080992225474e+00
-9.357023210636473687e-01
1.571600317300733685e-01
1.172876764649483983e+00
7.576612876692851994e-01
4.415142450667661200e-01
5.870647444743647414e-01
2.683270621615688745e-01
-2.871055919390664291e-01
-1.275584058180015079e+00
-9.952493510611462035e-01
-8.240808449361816668e-02
4.167656158953254864e-02
-3.205617213923845910e-01
9.016210397909678598e-01
1.314659666695608964e+00
3.874612503135572705e-01
-5.562200585772056893e-01
-2.282479469226300073e-01
-3.228879440417408153e-01
-1.065292314251713446e+00
-9.732686960212181271e-01
2.798710873171240121e-01
1.272711988875009803e+00
9.629825902792030767e-01
3.216691607540606013e-01
7.274299150151990467e-01
5.786970770843568035e-01
-4.087466082868613793e-01
-1.324022155958742175e+00
-7.411459732312999371e-01
-1.948322946045808468e-01
2.634788131268979705e-01
1.273051732309186668e-01
1.366108690820186933e+00
1.313218952677233320e+00
9.349780129255871319e-01
-4.604178433074420096e-01
-7.180688530153295224e-01
-5.478336831059937850e-01
-1.015125977933942325e+00
-1.002952063012101380e+00
1.045670976070401659e-01
9.730452515047055551e-01
9.461855978430474545e-01
8.795105880175264623e-01
